1111111111 111 (1111111111. 213

81111 111 1. 111 3 1. 111.) 1111111111111(1111311111.
IV179-372 .

011111111111111120 (1191111111) 1111111111111) 111111 11111.
111111 6111111, 111 31111 33 111111111111111111111111. 146),
(11111 1111) 111111 111 11141.

claudia 1111111114, 111 111 1111111111 (1. 119 1. 1111111) 111
1111111111111 &tolga

claudius Drusus 13 1. 11. Drusus.

(111.) claudius Marcellus 13 6111111(1.1111111111111111111 111
111 11111111, &Ismenes 111 11111111 (unu. 110), 1111111111
Duum 1111 1111))11111111 111111111111111111 (111. VI 11),
(11111 111 19. 1111111111 231. 111. 1141. 1111 theatrum Mar-
11111 ΠΙ 64 111 111 campus Martius (R IX).

Ti. claudius 111 41-54 1111111 11, 1111111111 1111111111
11111111111111111111111111, Θ11111111111111111111111111,
111111111111111111111(11111111111111129), 111. 111 1. 1111111
10 1. 111. 1111 11111111 gum sodalis Augustalis 11111111 154
111 gum 1111111191191111 111 (1111111111 111111111111121,
11111 11 ius 1111111 iu 311111111111111 (111.11118),11 11 uuus
111) 111 (11111111 (1111111 1111146. 61111111 111111111111
6111111111 (1111. 133) 111 (11111 111111 111 (1111111111111
1111111111) 111 mit &ciuus 1111111 1111111 11128.

clemens Iulius 123, 26, 28 11111111 1111111111 111111111111111
1111111.

clemens 1139 f. 111 &que 111 11111111 1311111111, 111 sud] (11
(1111111111 11111111.

0111111111 Priscus 11149-51 1111111111 1111111, 11111 111 111111 21
meges 11111 1111111111 111111111111111 1111111111 1111111111
1111111111.

(Μ.) Cocceius 1111111158 cos. suff. in 111111 1111111111 11111,
(111 24 curator aquarum, 111 111111 111 111111111111111111111
uit, 1111 (11111111111111111 11111111111111 (1111 33 1111111111
1111111111111111111126. §Der (111111 111111 111111 1111· (111
11111.

0. cominius IV 31 1111)(1111111111, 1111111111 (11111 11111111 Z.
1111. 11111111, 11111111111111 11111111 1111111111 111 111111
111, 11 1111 1.

coneordi3113g2 11111111 (11111111 111 1111111111. 311111111111111
1111111 (1111 111 1111111111 111 11111111 (11 VIII 8).

(1111111111ῑὸ 111111111111111,11111111111111111111111111111.

Considius Aequus 11137 1111111111 1111111, 11111111 111 uagus
1111111111.

 

