5111155115 511 5111111111. 201

Attius 17124 111 111511511115111515 1111115 5111111111111111.
Attus Clausus IV9 11151111 1151111110 1151515041. sur..
115 51111515 11161511111115111155111, 1111 51551111555111

5115111111.

Atys IV 55 515111 111 555111, 511 111115111161111111111 511 55511
115 15151111.

Aufidianus Rufus 120 praefectus castrorum 11111 5511515 11
(5111111111.

Augusta 5. u. Livia.

Augustales ludi 115 11 51511 141111 1111111111 1511511111 154.

Augustales sodales 154, 1183, ΠΙ 04 111 11111511111111515115
51111111115111111 1155111 515 111111151111 51111115 51111115 111
5151114 5111111511, 511 11511111511111111115111111551111. (ece
11111115 111 11111115 flamen Augusti 1183.

Augustus (5115. 18) 11 11511111151511881. sta. 1156151515
1511151511 51111115 Q. Densius 115 51111111, 1115111 1111111111111
61511511 515 55111, 111111, 11 51111 131151 11 1115 511 115511
1151111115 5111115 1111111111151. 51115ᾱὶ11 1111111115 11151
5111115 1111 (11511 11111511, 515 11 515 51115 511111 (1111115111
115 111111511551111155111111 11511 1111111511 5511111 5111111
1111511, 51111 111511 6155115111 1151111511 &enuit 51111115,
8111111111111 151 515 1111111111 115111 1511115111
511111 111511 1511155515 115 11 551115111111110, 1155, 51511
1115 511Θ511511111511111 11151511 31 1511511511515111 115
1111111111 1515151511 5111115 12, 9. 1111111· 1115 11 5111115111
5111111555 151111 11151 1151 115115115111 5111115111 51111511,
11151111 515 151151151111111115111111 51115 5115511115111511
5155115111 (5115151111 111 1151111519), 1111111115 511
tribunicia potestas 11150. &a 51111 11515 1115 5511111151 ς5115
111111, 11 1155115111 1111151511111115111115111 (1111 1515115111
1111111111 5511 15151111 5, 1141), 1511111111 111111, 1111115111 51
51115 51111 5111111 151151111511111111111 115 5511111111 515111
151111 31111151 51115 5511111 5111111 146, ΠΙ 34. &a 1151111511
1115 511 praefectura morum 115 511511 511511151151111151
51115 511115111111511111125,28 11 1111111, 111 11 5111 ubera
51111 51111515111131115151151151111 1111 11128. Des 511115,
11511 511111 515111 115 5111151111151111115 11 11111 51115115
11511 I 11, 11111111 11 515111 (5111111 115111 115 11 511511 1511
511115511111 11511111 111511 111. 15113111111151 1151111111 11
51115 1115111111511111 19, 111 7 2, 1111111115 51115 5111515511
515 ferum Caesaris aab 515 forum Augusti (IV 15) 11115111
templum Martis Ultoris (F). (5111111115 11 15111515 11151111

 

