236 1811911111 111 (1191111111.

Pompeia Macrina VI 18 111 111 172 111 <Iram 111 1111111 15
911111111111111111111111 (191, VI 18 frater praetorius) Itum=
1111111111 91111111111111111111111111 1111111111 111 Inna
111111, 111 111 1111111111 111 1111111 1119191911 1119111111 11111 111
111 1111 mit 1111 1111911111 1111111111 1111111 1111. 1111111 &obn
1111111111111,111111119111161111111111111 111111, 1111 111111
1111111111 111 111111 1111111 1111111111(11113111119111111119111)
1111111111 eques Romanus.

1111111111110. 111111 11111 1111191111 1111 11191111 111 Imm
1111111 91111111 11134. 11111 1111111111Ρ111111111111 11145 (191.
11123, 72) [19 11111111 111111 Flaminius (RIX).

Pompeius V114 1111111111 1111111, 11111 11111111119 111 &cion
1111111111.

Pompeius Macer 1. u. Pompeia Macrina.

(11.1’11111111 Magnus 11 111· 111111111191111611111 (106-48
1. 111). 1111111111111 1111111111 1127 (1. 11111. 11113 1, ¹
1113)1111111111111Π1121. (I. 1111. 1117). 1111111111 52 1111.
1111111911 11111111, 1111111111 1111111111 111 (5111111 de vi 111 de
ambitu, 111111111 111 (111111, 111 111 11111111 1111111111 111 111
11111 1111111111 11111, 1111111111111, 111 11111119111111 111 111111
31111 1111 111111 1111111111 in 111 11111111 911111 1111111, 11111
1111 6111191111 1111 11 11 1111111 1111 6111111111111111
1111111111 111 11111111 1111 111 (1111111 de ambitu 111 1111111111
111111 15111111911111111 1111111111 &cipio 111 111 11111111 [1128
(191. Cic. ad Att. VIII 3, 3).

8.Ρ11111111(1119111)(1111.1113112 1111119111611111111111911,
11111 1111 11111111 1111111111111,111611111111111191111, 111 9111
111 111111 111 61111111 1111111191 111 91111 1111111111 1111111111
1111111111111111, 111111 1111111111 1111 11111111111111111 111
11111119 111 1111111111 (39 1, 611.) 110, Vl 1111111111111111
3111111111 111 11111119 1111111, 11191911 11 11111111 mit (11111111
1111111911 111111, 11111 1111111 111 11111111 111111 1111 11 gum 111111
11111 1111191 91111111 1111 111 9111111111 (38-36), 111111 111.
111111111111911111 &iege 1111111111 111 11111111 1111111111 12,
Θ. 1111111111 1111 1113111135 1111111111 1111 1111111 11 1111111
11111111.

8111111111 11111 1111111111111 111 1119111111, 1111111 111 >boib
(ex P. IV 1, 4, 5, 15), 1111111111 111111 14 I 1, 1111111111 111
111111 111 111111 27 11132. 111111111111111111 ὓ11111111
911111 1111111111, 1111 1111 1111 1111111911 11172.

PomptInius V18 111 1111111111 61111111.

ι (Τ.) Ροιηρδηίιιε Atticus 1141 911. 111, 911131 1. 111, 111111

 

