1111111111 111 1111111111. 239

Rubellius Blandus VI 27 1111111111111,1111111111111111, 1111

1111Θ1111113111111 111 1111111111111111111111 1111111 1111, 11

1111111111 111111. &eiu (11111
(Ο.) Rubellius Blandus 111 23, 51 111 1111111111 1111111 111. suff.
iu 11111 11111111111111111 111 11111111111111111111111 1111111

111111,1111111111111111,61111111111111111111111111145(1111. ·

(L.) Rubellius Geminus Vl 1111111111 1111111 29.

Rubrius 173 111111111111111, 1111 111 1111111111 11111111. ,

Rubrius Fabatus 11114 1111 11111 111111111111111 111111 ge
111111.

Rufus 1. 1. Trebellenus.

P.Rntilins (111111111166 1111111 105 u. 111, 1111 Θ111111111
111 111111, 11111 1111111193 111111111111111111111 desernit
111 111 111611111111111 1111111111 111111111111111111
1111111 11143. 111 11111 111 11111111111111116 11111111 111 111.
611111111111111111111 11111111, 11111111 111111, 111111 guerit
11 111111 1111111111 1111111111, 1111 111111 111 111 dissita 111.

Sabinus 1. u. Poppaeus, Titius.

Sacrovir 1. 1111111.

Saliare 1111111 1183 111 liet, 1111111 111 11111111 11111111 11111111
11111111 111111. 1111 1111111111 111111 11111111111111, 1111111
111111 31111111111111111111 111111, 111 1111111111 usamenta,
11111111 1111 111111 ’1 111111 1111111111 1111111111 111 11111 gemela
11111 (1111111111 1111111111 111 11111 111 1111111111,
1111111111111111111111111111111.

’ d. Sallustius (Crispus) 11130 1111111111111111111111111,1111
111111 1111 (1111111111 611111 1111

Sallustius Crispus 16, 111, 11111111111111111111 11111111, 111
1111111111111111111111111911111 111 1111 111 11111111 111

‹ 111 1111111111 1111111111111111116,1140 11111111 11111,
111 11 111 111111 20 11111 111 30.

Sancia 1118 111 11111111 11111111 1111111111,

(1.11111111111111111 V14 111 1111111111 23 1111111.
1111111111 39 1111111111111111111 eos. suff. 11161111111111
11 11111 47 111 legatus propraetore 111 (5111111111.

Sanquinius Vll 111 11111111 111 d. briantina.

Satrius Secundus lV 34 111 1111111111 111 &siau (1111118), 111
1111111 1111111191 gagen 111 111 1111111111111 1111111 1141.
dr 111 111 diutia 111 11111111.

(L. Appuleius) Saturninus 11127 111 1111111111 1111111111

 

