1111111111. IX

11111111111111111 3111111111, 111 1111 111111 111 11111
11111111 111 111 1111111111 111 1111111111 11111111 1111.

111111 111 1111111111111111 1111111111 1111111111 1111111,
111 11111111 111111 1111111111 11111111 11111111111111111111
1111 1111111, 11111 1111111113111, 111 1111 1111111 11111115
1111111111 1111 111111 1111111111 1111111111 1111 1111111111
111111 1111111111 31111111 111 111 11111111111 111115
1111 111 11111111 1111111111 ῧ11111111111 1111111111. 111
111111 3111 1111 11111111 111 1111111 98 consul suffectus 111
111111 111 1111111 1111 1111111111111111, 111 111111 1111111111
1111111111 111 1111 111111111 1111111 111111111111111111
1111111 1111111111 11111111 istst) 111 1111111111. 31111 31111
111111 111111 11 11111111111111 11 111111 1111111111111111111
11111111111111111111 1111 1111111 1111 1111 11111111 11111111
1111 11111111 gegeben 111 11111 111111 11111111111111111
1111111111111111111111111 111111, 1111111 111111 1111111111
1111 1111111111 11111) 111 &cnut 1111111. 1111111111 111 111
, 111111111 111111111111111111111111111 1111111 11111111 11
1111111111 111111111 3111111111 nod) 1111111, 111 11 11111111
11111111111 111111 1111111111.

11111 1111111111 111111 1111111111 11111 1111111111 11111111
1111111111 1111 1111111111111111 111 111111111111 111111 ·
1111111111 111, 111 11111 1111111111 1111111111 111111111111
11111111 11111111 1111 111 111111111111111 6111111111111111
81111111.

1111111111 1111 11 1111 11 111 111111 1111111111
111111 111 11111111 1111111111111111111, 11 11 (ΙΙ, 61) 111
1111111111 115 111111111111111111111 1111311111111111 11111

*)11.1111111111111111 1111 63 1111111, 68 131111 111 Ger-
mania sup„ 11 11111111 (1111111111 11 111 1111111111 1111111111 111111
11111111, 11111 1111 1111 1111111111 1111111111, 11111111 11111 1111111 111
11111 111111 11111111 1111111111. 1111111111 1111 11 69 1111 11111111
11111 1111111 111 1111111111111111 1111111111 1111111111 111 1111111111 111
1111111111. 11 11111111111111 111 5111111 97 11111111111111111
1111111 111111 1111 1111111 11111111 111 11111 111 1111111111 (11111.

 

