Ν

212 6116616116 611 6161111111.

(1111111116 (lato censorius Ill 66 1611611111 61611195 1. 661.
11156, 111611 116 oreo 111 611611 149 1661. 611 6111611111
611116111161111 11161161116166116111111 11, 611611611616116
6116111 61611 61161611111161 61611611 11111111 1116.

Catualda 1111 6. 1111 16111 6111111, 1111111161 611 11111616, 11116 1611
6111611661 6116111161 116 1611161616 6116111 61161161.

(16.11111111601111111 11134 6116611111 1111161611 16116111, 616, 81
61 611111, 6161. 46 o. 661, 61166 in 61111 1111111 6116116111 66611
tetta 11·

celsus V114 1611161611 6111111, 1118161132 1116111 6116116116 11111
6166661116 6116116111.

cereris 111111Π49 61161611 61111111 116 61111111 (R XI 1).

6. cestius (Gallus) 11136 61111161 6111116116 6611 6111 1166611116
611 6661111611611, 11111 1116161132 116 61116611 1161117 116
11116 111 111611 35 1111611 VI 31.

1111111611 Labeo 11173 11161611 28 61611611 5. 616111.

chaldaei Π 27, ΠΙ 22, 1120 111111 6116 611 mathematici Π 32
1611 6161116611, 61611 111 1116161 611 1616611616αῇ 116 6161111161
611 6166616611 6111161611 61 6111 6161166111.

Charicles 17150 1116161616 61611116.

Chariovalda 1111 611 6116111 611 611616611611661116111 11161111
616 6111111116.

Μ. (Tollius) 611111 11134 6116111111161161116106-431661),
611616111116 1111 1666161161 116 6111 (1111116166 l. 616.

(1611161111) cinna 11 61161111661611616 11111116, ooo. 81 116
66 o. 661, fiet 84 bei 11111 6111111111 6111111 61161111, 61111 61611
611 6111166111611 &ullo 6116111 1111111.

(111τί11Πὸ4 11111111 616 6161111 1116 61161161 1611116 11 6111111
611 1111161611, too 11 11115111161111 11611 111116661111111311116
616111 61616; 6, 1. Apollo.

claudia Pulchra IV 62 6116111 616 tlt. 61111116 6116161611611
116 6116111116 116 611 1111111111, 6116111 6119111611 (1116117)
(61611 sobrina 61111111 6111616 611 1161166111), 611 611611 611
6111111111111116116 611116, 611, 111 &olto 6161116116 61116116
6116611111. 38 6. 661, 11 616 6116161161 611 1111661111 1611111111
1111611 1111. 6111116116111116111 661111111ῐί16 111116 IV 66
116 11116111 611611 26 111611 661611661111111111.

Claudia Quinta 11164 mot 1111 611 1611161611 6111111111, 1111161 111
61611 204 6. 661. 611 116 61166116 11 61616611 611611616161
&totae 611111111 111611 (1611111611ε666111) 61113661 cito
611111 116 1116 111111 61116111. {lla 6116 61116 116 6111 61111111
11 611 61161111 616 61111116 6166611166, 11111611 61111111 (im

 

