1111111111 111 1111111111. 241

813111111171 111111181111111, 1111111111] mit 1111111 &abac
(6111111111) 1111 11111111,

Segimundus 157 &aba 111 &egestas

Seianus 1. 11. Aelius.

811111 Quadratus 1117 1111 111 111111 32 1111111111

Seius 81 iabo 17 11111111111111111111 8111611111, serichatum
111 1111111111 11111111111,111111111 61111111241111 prac-
fectus practorio 1111 1111111181111117 1111111111111111911111,
11111 1111 11111.

811111 ’.1111111 1120 11111111 111 81111111, 11111111111111116 111
1111111111811111111111, 1111 im 111111 18 cos. suff. 1111 11111111
11811111 24 1111111111) 11111111111129.

Seleucus 1142 (11111111) 11119111 &scien (312-281).

(11.18111111111111 Gracchus 153 11113111 cx P. 1111131 111
11111111 11111111, 1111111 111 1119111111 magen 1111111111 1111111111
mit 11111111111111111 11111111 11111 11111111111111111111111111
1111111111111111 (aas 1111111111.

O. Semprtinius Gracchus IV 13 61111111 11111111, 11111111 23
1111111111) 11911111, 111 111 1111111 33 1111111 11116 1111 11111 111111
111111 11111911 111 (1111111 1111111111 11138.

On. 81111111 1174 11111111113111114, 11111 19 61111111111111
&aaa 111 11111111 111 11111111 111111 1111111111, 11111111111111
11111111, 111111 1179-81.

Septimius 132 1111111111, 1111111111111111111111111 &albstan
getitet 11111.

81111111 i. 1. Vibius.

(Q.) 8111111111 11173 111 1111111911 111 11111111 11111111, 111 11111
11111 11111111 1161111111 111 3¹1 1111111111111111111 1111111111 72
gagen 111111111111111111111 111 &ullu mit (11111 1111111111.

1111111111 1151· 1111111111111111111 111 auriens, 1111111111 ,
111 1111111119, 11111 111 81111131 11911191 111 1111111111
VI?

Servilius VI 291. 1111111911 111 (ἶ11111111,111111111 11111111 1111111
fflgfflmhm

Μ Servilius 1148, maa 1111111111 11 8111111, 3 1111111111

Μ. 8111111111111111111111131 11111111 1113111111 35, 1111111111
11111111111111111111111111111111 11111111111111111111111.

Servius ’.11171111 11126 111 11111111 111111 11111111.

8111111 VI 28 11111111111111111, 111111 111 1111111111 (1111).

Severus 1. 1. Oaccina.

Sextia VI 29 111 (111111 111 811111111111111111, 1111111111 1111111111·
11111111111111 1111111111111111111118111111111111111111111.

anticlea 1111111111. Ι. (1111111111 11111111 Ψ)

 

