252 06691661116168 31666666196161618.

0669616 1161133 6161161 im 1166161118, 66111616161611 1616 1166116
966 1116111166168.

Celenderis 1166 (1. 1111161116), 616 11611611 16 11116166.

0666111666 11161 111111616616111116168.

Cercina 153, 1113 (1. 11611166), 116161 16 161116166661111616),
116616 618 11616666698611.

Chatti 1551.,1116.1. (1161166) 961666116168 Coit 16 1161166 661
1161166 (28, 501.

Chauci 138 9616661161681161196116166 16111686611116611161669
(28, 52). &e 116666 618 1611866166 116 1161116166 16616 160 u. 1.

Cherusci 156 96166611616811611 96116166 1116161 661 &Ibe (30, 521,
9616 zeii 166 111616168 1616111611 1591. 6. 1.

Cibyratica civitas IV 13 116616111111116 661161 0116696 nnn 01161
11619166 661 1111166 (ld).

Cilicia 1158 116ὢ11161116696 168166168 118 9661 1116616 (11161), gum
16116166 11161966 1616111611 (1142, 581. u. 1116161668, 1111161616),
96616116 661 68 1161161611166169 (1118, 8ο) 661 166618 6611
&nien 16166191. nie 0161161661 Cilices Π 42 u. 1.

Cinithii 1152 616 11611 11111168 66 1611161666 &nie

Cirtensium pagi 11114 116 6161161116 (1.16611661166) 16 1166611166

Clanis 119 (1. 111666) ι1161 16 11161166.

(011166, 11611191 016166 [1626211141 (lid) 11611116 1111166116
116166 1116116 11116668 ((111, 11161166).

0661616166 11138 Coit 1111661668 116111616169611196(Η6).

0611114 1161661661 161 116161 1168 66 161 161116166 1111116 (Id).

Colchi VI 34 116 (1166611661 166 11616118 661 161 91111116 168 1366168
1611668 (Μ61.

Colophon 1154 (1. 1161111161, &tubi 16 1166166 (1611.

Commageni 1142, 56 1161661661 168 6111116111166 161168 168 &eine
1116661168 (1611, 118 9616116116186661116919, 1666 6110111166
1616161.

Corcyra 1111 116 116161 06116 (Gn).

Corinthiense litus V10 161616111161611 661 1616 1111116668 (Hd).

06661139 &tubi 661 1169111196 (1. monte Argentaro) 01661668
(Fe).

Cous 1115 116 86161 1118 (1. 116 6161 &iunio 1611.

06616 1113811121 (1. 1166116, Η161),161121 6. (iit. 1611 1111666116
96 6166111161169 66616191 661 16611 1161161616 6611661161. Chre
0166611661 Cretenses 1112663.

Ctesiphon V142 (1011161666), 1661111611168116111666111168, 661

1616 1161661191186161 (1161.

 

