1111111111 111 (1111111111. 215

Cotys 1114-11 611111111111111111, 11111111 111 11111111. (11

11111 111 11111111 ῧ111111111111111ἰ1, 11111111 11111 1111111 1111111
111111 1111111, 11111111111111111111, 111111 11111 111111111111
1111111111, 1111111111111111111 11111 IV 5.

M. (Licinius) 0111111111 111 1111111111, 1111. 8. {iuni 54 1111111111.

M. Licinius (0111111 Frugi) IV 62 11111111 1111111111 27, muita
1111111111 111 1111116111 111 1. 11111 pontifex 111 111 111. 1111
niue 1111111111111111311111 14 1. 111, 1111111111.

Cremutius 0111111341. 1111111111 111111 (5111111111 111 11111111
11111111111111, 11111, 111 111111 25 1111111111, 11111 1111111111
1111111111.

Creticus Silenus 114 11111111113111111111 11111116111111, 1111
ein 8111161111, 111 1111 111111111111111111111111 11111111

’ 1111. &t 1111 111 111111 7 ,1111111 1111 1111111111 111 11-11
&urica 1143. &eine 1111111111 (11111. 144) 111111111111111 11111
uiuitu-

0rispue 1. Sallustius.

Cruptorix 11113 111 1111111111 611111111111111111111.

Cursor 1. Caelius.

’111111111111121 11111111 1111161111111111111111 11111111 24.

0111111111111111158 111111111111111,111111 111 unii, 1111111111
111 11111111 11111111, 111 &tienne 11111111 VI 10.

Cutius Lupus 11127 111 11111124 ὓ111111. &neten 1111111 1111
13111111 silvae callesque, 1111111111111111111 111111 1111111111111
111111111111111 11111111 11111111.

(11111111 ΠΙ 61 1111111 1111 11111 1111111111 111 1111111111 11111111
11111, 11111 1111111 111 111111 1111111111111111111 1111 &eliu 111111
11111111181111111 1111111111 1111111 1111. 31161111 111111
1111111 11 1111111111 111 11111111 1111111.

011111Π62,11131 1111111111ϋηί1 559—529 1. 111.

Dareus 11163 11111111111111111 521-485 1111.

Decrius 11110 11111111111111111111111111111111111 1111111111111.

Denter Romulius VI 11 11111 1111111111111 11111111,

flamen 1111111 ΠΙ 58 1111111111111111111111111,11111 einen 111111,
111 tuga praetexta, sella curulis 1111 einen 611111 &utute uuis
1111111111 11 1111111111 11111 11111111ῦ1111111111111111 1111111
1111111 111111111111 in 111111 1111111111Π158, 71, 111111 1111111111
uoufarreatio 111111111111 11111111111111 1111 1111 111111 1111111111
ichen IV16. &eine (5111111 flaminica Dialis 1111 1111111111 111

1111110111 61, IV 55 11111 111 &ege 111 1111111111111111 Qua

1

 

